0	-54.144066	0.001546	1358.490601
1	-50.936131	0.002359	553.459106
2	-50.499199	0.002413	553.459106
3	-49.128624	0.002780	603.773560
4	-49.262432	0.002893	603.773560
5	-51.314339	0.002183	704.402527
6	-28.329165	0.024153	955.974854
7	-21.113365	0.068842	905.660400
8	-21.456966	0.067277	1106.918213
9	-19.036482	0.090433	1006.289307
10	-19.647882	0.082406	955.974854
11	-20.091639	0.071479	1006.289307
12	-20.576595	0.068517	905.660400
13	-23.719866	0.047501	1006.289307
14	-24.142076	0.047570	1257.861694
15	-24.850285	0.046978	754.716980
16	-27.321188	0.035470	855.345886
17	-27.774906	0.034738	654.088074
18	-28.490509	0.030805	855.345886
19	-28.298223	0.032233	754.716980
20	-26.271135	0.038069	754.716980
21	-23.900547	0.051229	754.716980
22	-21.720314	0.068481	805.031433
23	-20.384048	0.082346	754.716980
24	-19.905043	0.080484	855.345886
25	-20.476151	0.072572	905.660400
26	-22.018341	0.059344	1106.918213
27	-22.862648	0.054526	1157.232666
28	-22.888332	0.051282	1006.289307
29	-24.915178	0.042115	905.660400
30	-28.218140	0.029074	905.660400
31	-30.413383	0.023107	905.660400
32	-32.595566	0.018439	654.088074
33	-34.549683	0.014812	905.660400
34	-35.762127	0.012835	754.716980
35	-36.390667	0.012371	603.773560
36	-43.746967	0.004740	855.345886
37	-44.051147	0.005129	654.088074
38	-50.173031	0.002291	855.345886
39	-50.441914	0.002555	553.459106
40	-51.814037	0.001984	1006.289307
41	-52.145000	0.001979	955.974854
42	-52.001595	0.002078	553.459106
43	-53.519737	0.001707	855.345886
44	-53.397442	0.001832	503.144653
45	-55.855339	0.001350	905.660400
46	-55.541885	0.001446	603.773560
47	-55.225418	0.001371	1006.289307
48	-52.114643	0.002010	452.830200
49	-55.264469	0.001368	754.716980
50	-58.069366	0.000984	905.660400
51	-57.542530	0.001038	754.716980
52	-56.769249	0.001182	704.402527
53	-54.822689	0.001427	1006.289307
54	-58.151089	0.001023	955.974854
55	-54.800106	0.001523	704.402527
56	-51.107845	0.002116	754.716980
57	-52.489532	0.001903	905.660400
58	-54.413265	0.001470	955.974854
59	-55.362358	0.001361	553.459106
60	-53.578800	0.001701	1006.289307
61	-52.184631	0.001934	2465.408691
62	-54.123863	0.001581	3572.327148
63	-52.321571	0.001951	2817.610107
64	-54.302135	0.001498	3169.811279
65	-52.614548	0.001796	3471.697998
66	-53.375263	0.001737	3270.440186
67	-50.673340	0.002415	4830.188477
68	-50.599701	0.002400	4477.987305
69	-52.264576	0.001810	1660.377319
70	-55.168034	0.001463	1257.861694
71	-36.658066	0.009945	905.660400
72	-31.413000	0.018430	654.088074
73	-29.012945	0.024371	805.031433
74	-29.456554	0.024328	754.716980
75	-29.342667	0.025952	704.402527
76	-31.262016	0.022565	402.515717
77	-36.365372	0.011964	402.515717
78	-40.216194	0.007953	201.257858
79	-45.225681	0.004408	251.572327
80	-46.276474	0.003880	805.031433
81	-40.503307	0.006458	1710.691772
82	-40.206127	0.007947	503.144653
83	-33.330017	0.017962	503.144653
84	-28.642723	0.031284	402.515717
85	-27.854481	0.034795	452.830200
86	-26.965214	0.038296	452.830200
87	-27.046082	0.031680	1207.547119
88	-26.383171	0.035211	905.660400
89	-27.401733	0.031973	1207.547119
90	-27.516396	0.031503	1006.289307
91	-28.280890	0.029201	905.660400
92	-29.216427	0.025359	1157.232666
93	-29.958847	0.023015	905.660400
94	-36.126797	0.012611	654.088074
95	-36.091827	0.012178	603.773560
96	-34.412312	0.014195	654.088074
97	-31.790871	0.021124	603.773560
98	-31.876211	0.021884	704.402527
99	-31.003361	0.023458	805.031433
100	-29.986767	0.026846	805.031433
101	-30.005123	0.026025	855.345886
102	-29.934320	0.025067	1006.289307
103	-29.800367	0.024238	1006.289307
104	-29.520340	0.026013	402.515717
105	-32.112175	0.018608	654.088074
106	-38.922207	0.009110	201.257858
107	-35.925079	0.013174	402.515717
108	-31.887585	0.021340	452.830200
109	-36.927948	0.010247	301.886780
110	-46.877056	0.003515	452.830200
111	-51.433640	0.002236	503.144653
112	-48.651764	0.003044	503.144653
113	-48.477749	0.003021	603.773560
114	-50.187496	0.002512	805.031433
115	-48.850281	0.002769	754.716980
116	-47.140045	0.003640	955.974854
117	-41.891731	0.006360	754.716980
118	-28.807734	0.025966	754.716980
119	-27.889788	0.031986	905.660400
120	-24.923820	0.046749	805.031433
121	-24.673655	0.046052	905.660400
122	-26.168787	0.037621	1157.232666
123	-26.460226	0.036312	1157.232666
124	-27.381481	0.032207	1157.232666
125	-29.881500	0.023813	704.402527
126	-31.956341	0.020761	503.144653
127	-35.301853	0.013392	603.773560
128	-36.492313	0.012073	553.459106
129	-39.933880	0.007801	503.144653
130	-39.769142	0.007421	503.144653
131	-42.078354	0.006322	301.886780
132	-44.949688	0.004727	503.144653
133	-46.086189	0.004257	402.515717
134	-49.718319	0.002433	1006.289307
135	-47.451496	0.003589	503.144653
136	-50.691410	0.002481	452.830200
137	-47.235928	0.003716	402.515717
138	-47.291389	0.003507	402.515717
139	-47.038086	0.003680	402.515717
140	-51.114151	0.002236	805.031433
141	-49.024998	0.002827	402.515717
142	-51.729897	0.002051	704.402527
143	-50.726295	0.002462	503.144653
144	-50.774197	0.002334	1056.603760
145	-52.233101	0.001889	754.716980
146	-52.075951	0.002061	503.144653
147	-53.233677	0.001802	452.830200
148	-52.762566	0.001939	603.773560
149	-54.044754	0.001575	1358.490601
150	-53.297714	0.001823	402.515717
151	-53.031651	0.001891	402.515717
152	-52.717205	0.001896	503.144653
153	-52.115036	0.002132	503.144653
154	-54.543938	0.001459	553.459106
155	-57.827736	0.001098	402.515717
156	-58.281677	0.001001	503.144653
157	-57.790291	0.001035	654.088074
158	-58.882622	0.000966	704.402527
159	-57.235039	0.001100	754.716980
160	-54.714279	0.001454	855.345886
161	-55.283157	0.001403	905.660400
162	-57.241989	0.001136	805.031433
163	-57.045486	0.001090	855.345886
164	-57.500271	0.001129	805.031433
165	-57.450882	0.001109	704.402527
166	-57.514454	0.001138	704.402527
167	-55.659260	0.001268	855.345886
168	-51.336483	0.002129	553.459106
169	-49.183846	0.002871	704.402527
170	-52.295578	0.001959	754.716980
171	-34.698540	0.012021	754.716980
172	-37.728088	0.011024	553.459106
173	-33.826622	0.016433	754.716980
174	-29.233093	0.025717	1056.603760
175	-28.375359	0.026510	704.402527
176	-28.471828	0.027759	805.031433
177	-28.689846	0.026513	905.660400
178	-27.763264	0.029877	1006.289307
179	-28.206543	0.030765	503.144653
180	-29.368162	0.029265	402.515717
181	-29.295658	0.029556	503.144653
182	-29.283524	0.029585	402.515717
183	-29.334660	0.028638	503.144653
184	-29.879272	0.025145	855.345886
185	-28.940281	0.028738	603.773560
186	-29.713673	0.026209	452.830200
187	-29.975239	0.024350	805.031433
188	-28.663036	0.026819	1056.603760
189	-29.428785	0.024281	754.716980
190	-27.740049	0.030035	704.402527
191	-28.665514	0.027047	805.031433
192	-29.614952	0.024207	553.459106
193	-31.502735	0.020550	452.830200
194	-32.564732	0.018423	805.031433
195	-34.958282	0.014508	654.088074
196	-35.747177	0.013954	402.515717
197	-42.807888	0.006078	402.515717
198	-42.314182	0.006225	805.031433
199	-45.377243	0.004569	704.402527
200	-50.224625	0.002444	754.716980
201	-53.612778	0.001720	452.830200
202	-54.334724	0.001421	603.773560
203	-56.523205	0.001231	654.088074
204	-54.065292	0.001610	603.773560
205	-56.032749	0.001279	503.144653
206	-57.151932	0.001120	654.088074
207	-52.470203	0.001973	452.830200
208	-52.242207	0.001938	553.459106
209	-55.346069	0.001480	150.943390
210	-55.241875	0.001491	201.257858
211	-56.749924	0.001221	452.830200
212	-61.574268	0.000710	553.459106
213	-58.579338	0.000944	1006.289307
214	-57.476482	0.001080	603.773560
215	-48.863640	0.003153	402.515717
216	-43.528145	0.005533	251.572327
217	-40.022621	0.008944	201.257858
218	-42.155491	0.006852	201.257858
219	-43.729435	0.005381	2213.836426
220	-46.953350	0.003593	2062.893066
221	-46.675186	0.003756	5333.333496
222	-48.010719	0.003258	4276.729492
223	-46.450840	0.003700	3672.956055
224	-45.358467	0.004460	4679.245117
225	-45.953491	0.003918	3672.956055
226	-48.951897	0.002873	2918.239014
227	-50.540199	0.002378	2113.207520
228	-47.295246	0.003232	1157.232666
229	-31.024448	0.022573	251.572327
230	-26.962021	0.036036	402.515717
231	-25.901129	0.043033	402.515717
232	-29.549444	0.025762	503.144653
233	-37.339703	0.010898	503.144653
234	-36.701866	0.012008	251.572327
235	-34.360424	0.014940	754.716980
236	-31.831089	0.020856	301.886780
237	-31.194506	0.023589	201.257858
238	-31.252140	0.024017	201.257858
239	-31.225195	0.024248	201.257858
240	-32.154739	0.021985	201.257858
241	-31.580479	0.022752	201.257858
242	-31.110889	0.021693	301.886780
243	-31.723316	0.018877	402.515717
244	-32.215843	0.018678	301.886780
245	-33.275436	0.017871	301.886780
246	-32.973183	0.019817	150.943390
247	-31.435175	0.022985	201.257858
248	-30.831652	0.025278	201.257858
249	-31.163778	0.024234	201.257858
250	-31.750763	0.022859	201.257858
251	-32.673931	0.020570	150.943390
252	-33.100761	0.018345	201.257858
253	-32.965954	0.017052	301.886780
254	-33.193630	0.016047	352.201263
255	-33.411148	0.017314	402.515717
256	-32.478569	0.018723	503.144653
257	-32.854652	0.018946	402.515717
258	-32.909771	0.019872	201.257858
259	-35.317844	0.014843	201.257858
260	-33.193989	0.019249	150.943390
261	-33.475025	0.018053	201.257858
262	-32.143711	0.021460	301.886780
263	-32.313953	0.018908	553.459106
264	-32.546848	0.018639	150.943390
265	-31.635683	0.021358	201.257858
266	-32.184109	0.020366	201.257858
267	-31.200909	0.023097	301.886780
268	-31.635181	0.021663	352.201263
269	-31.367912	0.021551	603.773560
270	-31.282772	0.021025	603.773560
271	-32.099800	0.020424	503.144653
272	-32.260468	0.021039	201.257858
273	-32.610443	0.019999	201.257858
274	-32.802322	0.018312	352.201263
275	-31.832064	0.019765	503.144653
276	-33.330204	0.016668	452.830200
277	-34.330399	0.015464	452.830200
278	-34.328491	0.016840	251.572327
279	-36.957451	0.012722	251.572327
280	-40.284996	0.008653	301.886780
281	-40.182785	0.008203	352.201263
282	-42.441719	0.006169	754.716980
283	-47.087399	0.003585	452.830200
284	-51.311409	0.002205	452.830200
285	-56.655617	0.001153	1006.289307
286	-53.672699	0.001732	553.459106
287	-51.063225	0.002212	955.974854
288	-48.942142	0.002978	553.459106
289	-49.966591	0.002725	301.886780
290	-52.731327	0.001939	805.031433
291	-53.690990	0.001625	955.974854
292	-53.335609	0.001838	805.031433
293	-55.119255	0.001459	603.773560
294	-55.135353	0.001407	1006.289307
295	-54.863342	0.001411	905.660400
296	-55.608147	0.001357	905.660400
297	-55.764168	0.001248	855.345886
298	-56.822762	0.001173	1056.603760
299	-55.290245	0.001410	1106.918213
300	-53.290619	0.001868	754.716980
301	-54.241028	0.001650	805.031433
302	-53.299957	0.001723	905.660400
303	-54.802238	0.001427	1308.176147
304	-56.859711	0.001121	1106.918213
305	-56.382378	0.001237	1157.232666
306	-53.581337	0.001658	855.345886
307	-52.455528	0.001847	1257.861694
308	-52.746998	0.001851	1459.119507
309	-51.533947	0.002130	1006.289307
310	-51.142845	0.002278	955.974854
311	-51.202690	0.002281	905.660400
312	-52.270817	0.001962	1106.918213
313	-52.111908	0.001951	1207.547119
314	-54.922478	0.001419	1962.264160
315	-54.438778	0.001550	1106.918213
316	-54.536484	0.001555	1006.289307
317	-54.491486	0.001515	1257.861694
318	-54.380066	0.001523	1056.603760
319	-53.806412	0.001616	1106.918213
320	-55.815720	0.001315	1257.861694
321	-56.723831	0.001171	1509.433960
322	-56.644211	0.001157	1509.433960
323	-56.903282	0.001126	1106.918213
324	-56.158882	0.001232	1106.918213
325	-48.430180	0.002445	1408.805054
326	-56.128967	0.001248	1962.264160
327	-56.569481	0.001189	2113.207520
328	-55.643921	0.001339	1962.264160
329	-54.789627	0.001504	1610.062866
330	-56.244961	0.001174	2113.207520
331	-57.036381	0.001099	1710.691772
332	-56.522934	0.001247	1509.433960
333	-51.890930	0.002034	805.031433
334	-51.827618	0.002092	1207.547119
335	-53.703667	0.001662	1811.320801
336	-53.941086	0.001643	1559.748413
337	-50.887875	0.002258	1459.119507
338	-52.250778	0.001992	1559.748413
339	-52.420464	0.001881	1861.635254
340	-50.554462	0.002339	1408.805054
341	-50.231823	0.002542	805.031433
342	-50.268608	0.002534	1308.176147
343	-48.920231	0.002919	1006.289307
344	-50.210186	0.002476	1308.176147
345	-51.318695	0.002176	1861.635254
346	-50.167309	0.002362	1509.433960
347	-48.441864	0.003011	1358.490601
348	-46.308296	0.003942	1106.918213
349	-47.395649	0.003405	1207.547119
350	-45.613716	0.004344	1106.918213
351	-44.673046	0.004925	905.660400
352	-45.818184	0.004347	704.402527
353	-48.856312	0.002814	1610.062866
354	-45.242085	0.004524	754.716980
355	-42.960846	0.005938	1006.289307
356	-45.301891	0.004716	704.402527
357	-45.355648	0.004274	1157.232666
358	-48.658646	0.002866	1257.861694
359	-47.656322	0.003328	1006.289307
360	-45.913410	0.004310	955.974854
361	-45.613647	0.004072	1056.603760
362	-44.878849	0.004863	553.459106
363	-46.580307	0.003905	805.031433
364	-48.374062	0.003229	855.345886
365	-44.688648	0.004815	754.716980
366	-45.054588	0.004828	553.459106
367	-44.488792	0.004995	654.088074
368	-43.658566	0.005592	452.830200
369	-46.169060	0.003899	855.345886
370	-48.711708	0.002748	1207.547119
371	-51.169796	0.002190	1006.289307
372	-48.921921	0.002828	1207.547119
373	-49.099308	0.002883	1006.289307
374	-46.589531	0.003684	553.459106
375	-45.218567	0.004655	301.886780
376	-44.813820	0.004755	402.515717
377	-32.057999	0.015809	1610.062866
378	-27.008278	0.034217	1861.635254
379	-26.432877	0.034652	2113.207520
380	-25.126352	0.040501	2364.779785
381	-26.475298	0.035283	1962.264160
382	-25.198095	0.041130	2264.150879
383	-26.130394	0.038202	1710.691772
384	-25.415228	0.039446	2113.207520
385	-25.998964	0.038330	1710.691772
386	-24.981976	0.042856	1962.264160
387	-24.376547	0.047896	1761.006348
388	-23.110487	0.056469	1911.949707
389	-21.579208	0.064384	1761.006348
390	-20.219807	0.077772	1459.119507
391	-22.356457	0.058108	1459.119507
392	-22.794094	0.054808	1559.748413
393	-22.609632	0.060931	905.660400
394	-20.077364	0.083687	754.716980
395	-20.405285	0.076229	855.345886
396	-20.693581	0.071076	955.974854
397	-22.392967	0.061756	704.402527
398	-23.214668	0.055218	754.716980
399	-24.262882	0.049057	654.088074
400	-26.440666	0.036056	754.716980
401	-32.317657	0.017597	955.974854
402	-36.932884	0.012244	1106.918213
403	-40.665073	0.007359	2716.981201
404	-43.673630	0.005371	2716.981201
405	-42.824173	0.005769	2465.408691
406	-43.751266	0.005251	1006.289307
407	-45.313702	0.004386	855.345886
408	-47.934002	0.002908	603.773560
409	-51.405102	0.002227	754.716980
410	-47.106201	0.003504	754.716980
411	-45.785133	0.003596	603.773560
412	-48.309700	0.002967	955.974854
413	-35.617302	0.011663	603.773560
414	-30.528963	0.022962	452.830200
415	-30.792963	0.020973	955.974854
416	-30.904572	0.021042	1006.289307
417	-31.927967	0.018761	654.088074
418	-32.089111	0.019611	704.402527
419	-31.639004	0.020095	654.088074
420	-31.448372	0.020784	503.144653
421	-31.001217	0.022515	503.144653
422	-31.190165	0.022044	352.201263
423	-30.501078	0.022643	654.088074
424	-27.363489	0.030483	1257.861694
425	-27.329275	0.031289	1308.176147
426	-26.875652	0.034648	1408.805054
427	-29.272469	0.026898	1207.547119
428	-31.089207	0.021702	1006.289307
429	-29.485731	0.025463	1157.232666
430	-26.493706	0.035663	1056.603760
431	-26.346176	0.037469	1157.232666
432	-25.710510	0.040333	1106.918213
433	-26.087589	0.038980	1056.603760
434	-26.625168	0.035002	1157.232666
435	-26.133942	0.037802	905.660400
436	-26.750353	0.036033	855.345886
437	-29.870892	0.027692	654.088074
438	-30.361433	0.025641	603.773560
439	-29.492510	0.027730	654.088074
440	-28.669214	0.030967	452.830200
441	-27.555557	0.035711	402.515717
442	-27.263918	0.037450	402.515717
443	-27.985832	0.034385	452.830200
444	-30.454481	0.025258	402.515717
445	-35.135605	0.013741	452.830200
446	-36.441250	0.011449	503.144653
447	-35.173653	0.013247	603.773560
448	-33.854263	0.016091	402.515717
449	-33.645317	0.017205	402.515717
450	-32.322418	0.019320	553.459106
451	-32.959965	0.017994	654.088074
452	-32.902031	0.018265	754.716980
453	-31.486635	0.021243	603.773560
454	-25.523361	0.044909	452.830200
455	-24.072540	0.055736	402.515717
456	-24.880615	0.050291	452.830200
457	-25.429882	0.047428	402.515717
458	-26.340868	0.041964	452.830200
459	-27.171764	0.038511	402.515717
460	-30.784607	0.022336	452.830200
461	-39.412933	0.008787	352.201263
462	-42.332493	0.006003	452.830200
463	-44.432224	0.005325	402.515717
464	-46.145073	0.004331	402.515717
465	-50.366379	0.002537	452.830200
466	-48.785110	0.002474	452.830200
467	-36.305672	0.011612	754.716980
468	-26.206108	0.041150	603.773560
469	-27.030306	0.034417	955.974854
470	-26.623405	0.035795	1761.006348
471	-26.718681	0.033657	1459.119507
472	-25.757137	0.038202	1559.748413
473	-27.303398	0.033056	1408.805054
474	-27.988977	0.030384	1257.861694
475	-28.107998	0.031795	654.088074
476	-31.290279	0.022386	553.459106
477	-40.806046	0.007565	402.515717
478	-50.555820	0.002380	1056.603760
479	-52.223515	0.001949	1106.918213
480	-53.413830	0.001810	805.031433
481	-55.611553	0.001371	654.088074
482	-52.455009	0.001998	503.144653
483	-52.993446	0.001760	1056.603760
484	-45.751457	0.003907	905.660400
485	-45.842125	0.003938	1358.490601
486	-33.103401	0.014143	805.031433
487	-27.208387	0.032948	905.660400
488	-25.729969	0.042410	704.402527
489	-26.487720	0.036444	805.031433
490	-25.846249	0.037912	1157.232666
491	-25.819878	0.039056	1408.805054
492	-26.211920	0.037574	1257.861694
493	-26.605450	0.036685	704.402527
494	-27.380676	0.034160	955.974854
495	-27.100203	0.035019	1056.603760
496	-27.647133	0.034027	1106.918213
497	-27.986317	0.030642	1207.547119
498	-30.633018	0.023425	1308.176147
499	-33.867336	0.016313	855.345886
500	-37.047211	0.011818	855.345886
501	-41.902199	0.006139	754.716980
502	-46.800323	0.003946	603.773560
503	-49.395058	0.002723	704.402527
504	-55.085464	0.001454	805.031433
505	-53.675095	0.001505	1056.603760
506	-53.482773	0.001552	704.402527
507	-58.304974	0.000993	704.402527
508	-58.191753	0.000925	855.345886
509	-55.568356	0.001359	905.660400
510	-56.922020	0.001142	855.345886
511	-56.250275	0.001275	704.402527
512	-55.979584	0.001229	805.031433
513	-55.211769	0.001428	553.459106
514	-56.707619	0.001176	955.974854
515	-56.689384	0.001153	955.974854
516	-59.735569	0.000815	905.660400
517	-59.212666	0.000861	805.031433
518	-59.380608	0.000890	503.144653
519	-57.262302	0.001051	704.402527
520	-57.185520	0.001171	402.515717
521	-58.065678	0.000958	603.773560
522	-58.379333	0.001024	503.144653
523	-56.837257	0.001224	452.830200
524	-57.084457	0.001131	654.088074
525	-57.153545	0.001106	704.402527
526	-57.926010	0.001065	905.660400
527	-58.019527	0.001073	805.031433
528	-56.799374	0.001157	754.716980
529	-56.877079	0.001196	553.459106
530	-54.646946	0.001629	201.257858
531	-38.967018	0.006879	905.660400
532	-37.282669	0.010820	1006.289307
533	-33.193047	0.015667	955.974854
534	-30.660086	0.020033	754.716980
535	-30.608356	0.022853	1006.289307
536	-28.876608	0.026933	805.031433
537	-28.027838	0.029917	704.402527
538	-28.832350	0.028348	553.459106
539	-28.945581	0.030704	201.257858
540	-31.720621	0.023287	201.257858
541	-33.920307	0.017479	201.257858
542	-40.446594	0.008449	150.943390
543	-41.225777	0.007712	201.257858
544	-43.238239	0.005874	150.943390
545	-44.253014	0.004622	402.515717
546	-35.905525	0.012470	704.402527
547	-28.937788	0.028825	402.515717
548	-27.910450	0.030267	805.031433
549	-27.662060	0.028992	654.088074
550	-28.279705	0.026779	704.402527
551	-28.348749	0.027205	503.144653
552	-28.142925	0.028036	503.144653
553	-28.953751	0.025536	553.459106
554	-30.925238	0.020751	553.459106
555	-32.379963	0.017364	754.716980
556	-32.034546	0.018127	402.515717
557	-31.081602	0.020133	352.201263
558	-30.939981	0.020480	603.773560
559	-31.482990	0.020095	603.773560
560	-31.736938	0.018925	402.515717
561	-31.200602	0.019750	301.886780
562	-32.093876	0.018312	301.886780
563	-31.923277	0.018767	402.515717
564	-32.418335	0.018942	402.515717
565	-32.069233	0.019944	402.515717
566	-32.316074	0.019997	201.257858
567	-32.976860	0.019275	201.257858
568	-33.034267	0.018552	201.257858
569	-33.366276	0.018327	251.572327
570	-32.393867	0.020463	201.257858
571	-31.844322	0.020632	201.257858
572	-30.902929	0.021826	402.515717
573	-30.818108	0.020529	603.773560
574	-30.857656	0.020879	603.773560
575	-30.419989	0.021568	402.515717
576	-33.462128	0.015403	301.886780
577	-39.316635	0.009246	301.886780
578	-41.405609	0.007600	150.943390
579	-43.738552	0.005703	201.257858
580	-44.228226	0.005207	201.257858
581	-48.225975	0.003424	201.257858
582	-54.279610	0.001586	301.886780
583	-57.099297	0.001135	855.345886
584	-56.344620	0.001190	603.773560
585	-48.114685	0.002913	805.031433
586	-39.190197	0.008545	201.257858
587	-33.554031	0.017693	251.572327
588	-34.549507	0.015081	503.144653
589	-38.711048	0.009765	251.572327
590	-36.335690	0.012180	301.886780
591	-30.337162	0.022593	603.773560
592	-29.878504	0.023548	805.031433
593	-30.243240	0.022653	503.144653
594	-30.691608	0.022294	603.773560
595	-32.052284	0.020285	503.144653
596	-36.874538	0.011301	251.572327
597	-40.536217	0.008388	201.257858
598	-44.432465	0.005182	251.572327
599	-46.033623	0.004052	553.459106
600	-47.620312	0.003332	503.144653
601	-44.288048	0.005407	301.886780
602	-43.508293	0.005869	201.257858
603	-43.549438	0.006078	150.943390
604	-44.909817	0.004856	251.572327
605	-49.908524	0.002614	402.515717
606	-51.866875	0.002097	553.459106
607	-46.262608	0.003890	654.088074
608	-46.665436	0.003681	352.201263
609	-36.054386	0.013170	251.572327
610	-32.136745	0.019976	402.515717
611	-32.764481	0.019331	402.515717
612	-41.243290	0.006685	503.144653
613	-49.008469	0.003069	452.830200
614	-50.999580	0.002268	553.459106
615	-55.104351	0.001480	654.088074
616	-54.954205	0.001426	805.031433
617	-42.990913	0.004967	1006.289307
618	-41.375351	0.006661	553.459106
619	-33.527687	0.016986	402.515717
620	-31.721552	0.020027	704.402527
621	-31.146181	0.020524	754.716980
622	-31.183064	0.019880	603.773560
623	-31.710587	0.018308	704.402527
624	-32.515511	0.017135	603.773560
625	-32.461716	0.017669	402.515717
626	-32.362679	0.017941	402.515717
627	-32.690521	0.017185	503.144653
628	-33.217052	0.016478	402.515717
629	-33.611187	0.016109	402.515717
630	-34.728653	0.014110	553.459106
631	-35.774036	0.012451	503.144653
632	-34.497818	0.014291	352.201263
633	-34.212337	0.015325	301.886780
634	-34.417442	0.014044	603.773560
635	-35.609863	0.012387	452.830200
636	-35.523399	0.013086	452.830200
637	-43.197212	0.005313	402.515717
638	-46.927074	0.003834	301.886780
639	-52.889637	0.001714	452.830200
640	-54.648243	0.001475	805.031433
641	-54.934772	0.001494	603.773560
642	-56.691357	0.001116	955.974854
643	-57.569572	0.001020	704.402527
644	-54.290604	0.001657	402.515717
645	-51.226830	0.002127	1056.603760
646	-45.373348	0.004562	704.402527
647	-37.068756	0.012390	201.257858
648	-34.376678	0.015573	503.144653
649	-34.506821	0.015591	150.943390
650	-35.107265	0.015098	251.572327
651	-37.538795	0.011566	402.515717
652	-39.705761	0.008883	352.201263
653	-38.556934	0.010094	352.201263
654	-40.555565	0.008109	301.886780
655	-51.453415	0.002185	301.886780
656	-54.426140	0.001540	1207.547119
657	-55.024895	0.001501	1308.176147
658	-57.030521	0.001152	1106.918213
659	-57.578854	0.001134	654.088074
660	-59.003166	0.000908	1157.232666
661	-59.830776	0.000857	1006.289307
662	-57.968414	0.001006	855.345886
663	-59.547173	0.000860	754.716980
664	-45.001850	0.003746	1257.861694
665	-56.719318	0.001051	1006.289307
666	-59.867279	0.000834	704.402527
667	-61.335716	0.000674	1056.603760
668	-58.660675	0.000926	553.459106
669	-56.393429	0.001244	503.144653
670	-59.615093	0.000802	704.402527
671	-51.728439	0.002285	251.572327
672	-53.908371	0.001663	201.257858
673	-53.450966	0.001920	100.628929
674	-55.933109	0.001351	352.201263
675	-60.539055	0.000766	754.716980
676	-57.255646	0.001152	654.088074
677	-60.117188	0.000841	352.201263
678	-58.750099	0.000983	503.144653
679	-59.343529	0.000838	805.031433
680	-55.609188	0.001377	503.144653
681	-51.983276	0.002148	654.088074
682	-49.523125	0.002821	402.515717
683	-50.901138	0.002497	452.830200
684	-52.468571	0.002041	452.830200
685	-51.435070	0.002251	503.144653
686	-51.583424	0.002191	553.459106
687	-47.374340	0.003535	805.031433
688	-47.321754	0.003820	402.515717
689	-48.240730	0.003312	503.144653
690	-51.123775	0.002414	301.886780
691	-50.626713	0.002580	402.515717
692	-51.616558	0.002276	352.201263
693	-55.066528	0.001455	704.402527
694	-56.131996	0.001276	503.144653
695	-57.461491	0.001126	503.144653
696	-57.717648	0.001093	704.402527
697	-57.903896	0.001034	955.974854
698	-60.269012	0.000733	905.660400
699	-62.421970	0.000595	1257.861694
700	-60.282345	0.000752	1509.433960
701	-58.162464	0.001029	402.515717
702	-54.423058	0.001639	301.886780
703	-53.239540	0.001783	301.886780
704	-54.359364	0.001563	603.773560
705	-52.317013	0.002015	301.886780
706	-53.782711	0.001740	352.201263
707	-26.405045	0.032481	704.402527
708	-49.283058	0.002670	553.459106
709	-54.324413	0.001498	1257.861694
710	-51.829605	0.002134	754.716980
711	-52.536331	0.002020	452.830200
712	-51.785904	0.002044	503.144653
713	-53.390457	0.001802	503.144653
